10 2 5 4 7 1 3 8 6
10 2 8 5 3 7
15 1 3 5 9 10 2 8
20 4 7 10 12 1 6 9
12 2 4 6 8 3 9 11
18 5 7 9 2 4 6 10
25 3 8 12 15 7 5 10
30 1 6 11 13 17 19 23
16 4 5 9 10 12
22 2 3 8 11 14 17 20
28 1 9 10 12 15 18 22
35 3 5 7 9 11 13 17 19
40 2 4 6 8 10 12 14 16 18
50 5 10 15 20 25 30 35
33 3 7 9 11 13 15 17 19
27 2 5 8 10 12 14 18 20
45 6 9 12 15 18 21 24
60 5 10 12 15 18 25 30 35
24 3 6 8 9 11 13 17 19
20 3 5 7 9 11 13 15
20 3 6 11 15 19
20 4 9 11 17
20 5 9 13 17 19
20 7 11 15 19
20 9 11 13 17
20 2 5 9 13 18
20 3 8 12 17 19
20 6 11 14 19
20 7 9 11 13 15 19
20 8 11 17 19
18 1 3 5 7 9 11
22 3 4 7 9 10 12
26 5 8 9 11 13
14 1 4 7 9 12
28 3 6 9 12 15
32 5 7 11 13 15 17
21 2 5 8 11 13
25 3 5 10 12 15
19 4 6 8 9 10
31 6 9 12 13 15 18
36 4 8 12 16 20
15 2 3 6 7 9
17 5 8 9 11
23 4 6 8 10 12
27 2 5 7 9 11 13
29 3 8 11 13 17
33 5 9 10 12 15 18
37 2 4 8 10 14 16
41 3 5 9 13 17 19
45 6 9 11 13 17 19 21
49 4 7 10 13 16 19 22
53 3 6 9 12 15 18 21
57 5 8 11 14 17 20 23
61 2 5 9 13 17 21 25
65 3 7 11 15 19 23 27
12 4 6 9 10 11
16 5 7 9 12 13
18 2 3 7 9 10
22 4 8 9 11 13
26 5 6 7 8 10
30 3 5 7 9 11 13
34 2 4 6 8 10 12
38 1 3 5 7 9 11 13
42 2 6 10 14 18 22
46 3 5 9 13 17 21 25
50 5 10 15 20 25 30 35
54 4 8 12 16 20 24 28
58 3 7 11 15 19 23 27
62 2 5 9 13 17 21 25 29
66 1 4 8 12 16 20 24 28
70 5 10 15 20 25 30 35 40
74 6 9 13 17 21 25 29 33
78 4 7 11 15 19 23 27 31
82 3 5 9 13 17 21 25 29
86 2 4 6 8 10 12 14 16 18
90 1 3 5 7 9 11 13 15 17 19
94 4 7 10 13 16 19 22 25
98 5 8 11 14 17 20 23 26
102 3 5 9 13 17 21 25 29 33
106 4 8 12 16 20 24 28 32
110 5 10 15 20 25 30 35 40
114 6 9 13 17 21 25 29 33 37
118 3 6 9 12 15 18 21 24 27
122 2 4 8 12 16 20 24 28 32
126 1 5 9 13 17 21 25 29 33
130 7 11 15 19 23 27 31 35
134 8 12 16 20 24 28 32 36
138 9 13 17 21 25 29 33 37
142 10 14 18 22 26 30 34 38
146 11 15 19 23 27 31 35 39
150 12 16 20 24 28 32 36 40
154 13 17 21 25 29 33 37 41
158 14 18 22 26 30 34 38 42
162 15 19 23 27 31 35 39 43
166 16 20 24 28 32 36 40 44